996 154243
704 143543
525 140014
564 137315
645 135639
458 132989
566 126995
4 113068
146 111294
290 107562
25 106311
375 102967
283 100221
746 93523
731 91465
504 82291
99 82013
922 78429
613 76867
139 76595
852 75151
926 73402
38 72001
120 70142
836 69130
736 67773
997 67467
942 66876
527 64661
13 63014
436 60116
754 59746
820 59165
29 57329
198 57065
832 56048
889 55358
216 54618
299 53724
52 53531
236 53526
159 53070
19 52512
238 51760
261 50581
610 49727
40 47921
149 47656
7 47420
995 47120
619 46977
155 45793
240 45104
175 44764
864 42415
323 42359
413 41492
105 41178
180 41022
247 40968
119 40886
550 40382
692 40380
625 40353
259 40220
0 39554
540 39400
631 38947
932 38905
46 38828
55 38697
621 38574
314 38247
887 38133
416 37168
96 36887
615 36820
294 36646
429 36256
222 36197
818 36093
548 36059
502 35818
767 35788
112 35785
546 35704
220 35510
782 35510
688 35358
494 35110
67 35045
532 34909
600 34882
740 34858
840 34855
791 34711
16 34699
569 34605
706 34579
576 34493
403 34219
425 34168
131 33849
17 33815
181 33722
2 33652
806 33642
271 33607
439 33553
559 33282
529 33235
353 33198
460 33193
89 33155
352 33042
718 33033
31 33010
632 32996
949 32734
150 32682
602 32535
367 32528
882 32429
14 32341
81 32306
168 32236
372 32233
741 32213
591 32052
213 31990
237 31804
109 31792
124 31752
717 31559
812 31549
307 31537
653 31508
201 31482
723 31474
205 31441
823 31418
44 31255
765 31251
910 31231
383 31164
306 31080
320 31002
929 30829
684 30827
856 30821
960 30806
788 30780
643 30770
693 30765
20 30743
308 30666
555 30629
593 30585
219 30529
524 30523
332 30520
90 30464
101 30324
140 30221
264 30213
626 30174
27 30161
582 30077
720 30030
371 29992
396 29971
45 29919
758 29915
170 29900
822 29854
826 29850
608 29848
533 29820
62 29780
116 29767
152 29667
24 29624
760 29575
793 29486
492 29453
618 29445
51 29422
679 29314
86 29310
123 29267
26 29211
252 29188
374 29188
88 29146
771 29075
130 29033
902 28912
883 28887
379 28815
11 28789
260 28768
695 28763
789 28748
78 28672
223 28640
709 28631
884 28593
698 28565
671 28492
337 28463
755 28436
76 28396
860 28360
182 28314
158 28289
141 28280
311 28201
328 28153
624 28149
544 28122
151 28073
986 28038
157 28027
257 27974
623 27945
173 27841
37 27823
523 27819
94 27810
620 27781
169 27776
641 27749
266 27712
382 27675
515 27590
134 27566
682 27509
473 27441
273 27358
253 27357
938 27335
589 27318
627 27302
669 27277
186 27260
358 27192
522 27190
95 27160
824 27149
490 27124
446 27121
272 27100
61 26975
83 26952
21 26926
174 26897
983 26870
467 26795
967 26783
108 26761
568 26658
830 26639
193 26587
411 26575
224 26519
848 26517
665 26507
673 26498
463 26482
386 26441
36 26387
246 26382
821 26374
904 26320
481 26295
241 26267
890 26257
23 26237
896 26216
831 26201
200 26194
56 26182
293 26174
750 26164
646 26140
388 26101
809 26081
640 26059
183 26045
317 26005
118 25972
184 25949
560 25940
196 25930
122 25833
477 25800
384 25799
288 25784
199 25772
291 25770
659 25769
73 25769
177 25725
405 25701
239 25686
232 25655
424 25613
426 25608
107 25558
369 25516
42 25506
268 25446
580 25437
764 25378
903 25370
987 25344
442 25337
748 25330
28 25311
267 25303
512 25286
92 25257
334 25201
128 25152
206 25152
526 25148
622 25105
534 25089
480 25088
432 25033
557 24938
398 24893
853 24890
734 24876
137 24825
461 24811
590 24798
813 24795
360 24787
991 24781
893 24768
962 24765
931 24755
302 24752
471 24721
915 24699
794 24692
670 24647
6 24635
951 24611
475 24586
968 24569
934 24563
647 24517
287 24510
998 24497
97 24378
402 24355
897 24297
556 24286
835 24272
538 24231
801 24212
637 24199
362 24193
482 24172
866 24161
296 24133
346 24133
250 24128
194 24104
972 23993
344 23987
875 23981
595 23966
874 23959
71 23888
160 23887
387 23881
210 23833
899 23830
48 23825
605 23797
609 23790
733 23765
364 23699
345 23569
326 23568
142 23544
68 23498
945 23490
606 23481
231 23463
144 23459
455 23402
573 23399
900 23382
655 23347
667 23300
644 23298
588 23264
433 23229
229 23185
634 23146
79 23089
392 23071
965 23049
839 23043
501 23039
660 23023
408 23015
336 23009
162 22993
891 22990
578 22951
404 22940
702 22880
539 22869
15 22855
759 22844
365 22843
70 22826
672 22795
281 22786
203 22777
280 22771
570 22744
567 22720
973 22679
249 22662
165 22640
303 22631
729 22597
163 22593
171 22553
749 22546
397 22532
779 22483
981 22454
451 22433
313 22405
279 22358
549 22317
863 22308
80 22295
677 22287
530 22269
563 22235
877 22223
574 22167
304 22088
770 22077
377 22052
752 22048
393 22021
599 21989
726 21950
803 21939
355 21918
221 21814
390 21797
318 21788
428 21779
491 21778
738 21761
148 21729
603 21715
430 21664
895 21639
418 21620
121 21590
82 21573
341 21561
421 21535
811 21515
597 21511
870 21503
554 21499
312 21470
378 21464
117 21441
423 21438
503 21429
834 21411
373 21345
251 21333
898 21269
476 21267
178 21266
12 21256
507 21255
691 21250
743 21222
338 21200
340 21198
508 21196
263 21191
873 21163
901 21151
800 21116
617 21105
278 21054
878 21048
785 21044
63 21036
87 21000
994 20995
956 20992
342 20985
745 20973
269 20971
649 20913
728 20907
85 20880
735 20874
147 20873
457 20867
217 20862
438 20854
479 20844
872 20807
936 20797
713 20794
686 20779
235 20743
212 20724
443 20721
233 20703
920 20694
437 20670
769 20661
955 20651
289 20644
724 20622
32 20573
208 20528
176 20499
166 20454
628 20449
790 20365
129 20308
656 20284
74 20232
678 20224
881 20215
100 20204
191 20196
958 20194
604 20157
683 20134
133 20118
833 20115
136 20095
959 20074
445 20061
370 20058
410 20048
944 19978
486 19977
757 19958
333 19911
976 19905
577 19896
202 19861
161 19848
572 19847
762 19804
598 19784
187 19776
719 19731
399 19725
561 19725
751 19721
685 19719
154 19712
39 19690
400 19686
861 19564
66 19523
663 19507
516 19504
227 19479
58 19475
244 19470
905 19457
964 19411
60 19399
761 19329
54 19303
469 19300
422 19288
542 19258
243 19235
908 19230
444 19221
167 19185
417 19162
69 19112
941 19092
841 19080
309 19073
255 19064
797 19063
716 19062
331 19032
495 19031
489 18968
885 18945
5 18926
218 18919
914 18892
245 18885
712 18882
363 18867
156 18859
496 18825
935 18798
41 18781
537 18779
275 18774
880 18763
845 18752
565 18727
689 18692
849 18691
339 18657
787 18589
911 18578
766 18534
450 18508
325 18498
676 18467
930 18440
675 18430
855 18426
786 18416
912 18401
265 18398
909 18372
744 18353
858 18347
642 18318
330 18310
946 18273
207 18270
725 18264
284 18261
456 18232
394 18170
3 18090
923 18083
189 18077
772 18034
466 18007
195 17980
8 17960
894 17943
825 17935
258 17880
315 17845
138 17816
551 17799
583 17790
185 17788
587 17776
700 17749
828 17745
132 17682
391 17675
611 17675
650 17665
913 17653
954 17639
697 17609
802 17536
798 17509
727 17500
10 17495
30 17491
485 17486
701 17467
406 17439
380 17430
545 17367
639 17301
520 17289
385 17288
277 17272
970 17223
681 17204
256 17200
65 17161
536 17147
143 17144
135 17131
575 17116
350 17115
75 17110
518 17081
348 17078
214 17047
351 17038
680 17023
448 17015
784 17003
440 16975
528 16962
327 16951
164 16944
579 16939
356 16908
414 16891
721 16836
581 16803
389 16795
102 16791
420 16771
359 16767
652 16757
739 16739
407 16731
114 16719
732 16696
188 16692
478 16685
431 16678
768 16624
708 16607
321 16600
483 16497
658 16430
274 16412
270 16401
435 16346
197 16328
592 16310
940 16297
993 16296
950 16228
607 16221
596 16156
301 16140
562 16063
115 16050
215 16050
401 16030
804 15978
409 15864
329 15799
871 15752
127 15729
974 15719
837 15709
464 15651
47 15651
295 15642
924 15617
335 15604
775 15582
710 15552
427 15507
796 15507
584 15503
9 15494
907 15473
614 15469
262 15450
192 15431
493 15426
513 15393
773 15323
505 15315
850 15299
543 15255
879 15232
499 15230
933 15214
966 15184
292 15122
50 15113
943 15090
454 15055
521 15054
487 15049
276 15021
867 14991
807 14989
470 14972
886 14916
756 14905
381 14892
242 14886
799 14847
361 14845
211 14825
343 14817
892 14781
209 14684
662 14660
84 14639
571 14603
810 14572
254 14560
594 14529
918 14506
616 14500
747 14500
395 14499
347 14491
33 14484
465 14484
696 14444
153 14443
558 14440
357 14437
376 14425
666 14348
59 14347
601 14338
72 14332
953 14323
829 14320
93 14308
98 14280
838 14248
730 14238
204 14231
113 14221
234 14172
474 14119
982 14118
441 14088
190 14087
368 14086
815 14040
690 14031
228 14029
511 14023
937 13982
225 13981
985 13978
917 13844
705 13833
34 13813
792 13796
844 13788
816 13779
366 13776
415 13762
412 13755
742 13749
297 13744
633 13729
805 13677
865 13676
699 13669
498 13668
612 13655
971 13645
248 13613
104 13601
919 13587
43 13563
781 13562
77 13529
862 13522
780 13487
776 13485
651 13420
226 13384
857 13368
977 13355
585 13306
49 13289
814 13288
111 13281
906 13268
230 13266
711 13265
319 13239
980 13216
925 13150
500 13133
999 13130
664 13077
661 12961
145 12960
468 12956
509 12941
586 12919
449 12843
707 12805
91 12796
847 12791
777 12734
888 12706
517 12671
547 12637
282 12615
316 12608
657 12548
921 12476
179 12466
434 12436
172 12381
854 12361
636 12281
106 12245
462 12220
305 12090
961 12070
553 12054
497 12028
984 11936
978 11909
992 11904
541 11883
947 11876
819 11872
285 11863
629 11850
843 11831
53 11743
419 11730
519 11666
963 11653
827 11580
638 11564
687 11555
737 11496
927 11490
324 11468
753 11448
514 11445
286 11440
447 11425
842 11422
322 11416
668 11396
64 11321
979 11259
57 11193
103 11187
298 11180
928 11062
484 10987
783 10965
630 10890
459 10860
916 10855
722 10764
654 10635
349 10582
988 10535
859 10498
531 10358
310 10276
774 10259
453 10230
552 10079
535 9947
22 9940
694 9752
674 9723
795 9497
778 9476
989 9469
510 9386
851 9292
714 9223
876 9166
488 9089
846 9082
125 9068
869 8954
472 8886
452 8774
715 8701
506 8640
948 8613
763 8582
35 8480
975 8335
990 8288
110 8246
939 8106
808 8051
18 7994
817 7949
868 7795
957 7458
635 7441
300 7234
126 7089
703 7066
648 6980
969 6957
354 6813
1 5932
952 3928
madeupword0000 0
madeupword0001 0
madeupword0002 0
madeupword0003 0
