63 179261
497 146590
663 132799
366 115187
969 112414
734 110476
333 107195
384 101516
755 97219
415 95606
991 83753
101 83624
752 82437
167 78234
915 78179
104 76887
576 76196
902 74661
89 73739
944 72815
741 72729
822 72631
948 72355
655 71707
935 71222
664 70319
81 69855
787 69515
523 69321
362 68819
879 66613
29 66457
321 66450
946 66321
519 66249
393 65731
202 65722
430 65303
143 65105
70 64408
726 64286
337 64078
772 63634
26 63290
761 62773
644 62235
521 61771
837 61531
510 61362
246 59937
204 59427
555 59185
86 58917
711 58638
466 57971
194 57674
124 56654
428 56549
945 54836
327 54505
485 54466
881 53677
331 53237
589 53167
243 52539
56 52045
914 50389
377 50235
137 50223
205 50214
193 49974
455 49713
280 48972
445 48862
212 48003
908 47760
85 47468
488 47323
319 47118
641 46756
819 46629
660 46503
742 46383
390 46125
340 45041
418 44803
884 44442
835 44211
44 44206
196 43801
148 43542
931 43347
290 42946
233 42144
417 42107
330 41025
870 40937
665 40857
139 40471
907 40178
436 39939
668 39633
545 38932
721 38704
645 38642
812 38368
198 38244
179 38085
259 37932
258 37871
220 37321
219 37251
650 37099
978 37081
683 37017
398 36964
684 36943
764 36257
821 36194
824 36194
352 35950
549 35847
265 35298
781 35204
647 35162
620 34968
487 34966
627 34877
675 34717
470 34696
961 34395
693 33969
208 33946
584 33759
816 33559
297 33512
776 33502
173 33238
79 33071
382 32985
380 32949
156 32883
453 32741
222 32429
32 32234
702 32223
244 31941
716 31371
503 31346
98 31219
501 31081
534 30993
733 30787
271 30758
614 30410
692 30276
6 30243
260 30216
583 29825
432 29704
175 29273
896 29135
681 29018
823 28706
250 28222
592 28122
597 28067
565 27998
136 27889
537 27877
385 27820
263 27768
912 27465
325 27260
105 27257
338 27222
107 27206
62 27192
833 26815
705 26809
113 26688
323 26086
254 26050
281 25987
530 25829
116 25622
803 25505
506 25454
38 25226
531 25205
324 24950
483 24886
868 24847
479 24528
119 24516
836 24343
940 24209
359 24132
462 24131
166 24050
326 24018
46 23889
103 23818
283 23631
901 23559
498 23459
676 23189
850 23188
535 23051
700 23021
416 22981
877 22951
458 22829
422 22752
162 22723
905 22698
53 22687
832 22633
932 22416
930 22289
437 22199
45 22171
955 22155
347 21994
469 21876
154 21795
15 21715
586 21669
794 21574
613 21573
57 21417
80 21278
866 21206
389 21070
11 20770
934 20701
161 20605
172 20475
235 20406
328 20348
88 20273
238 20227
518 20212
662 20161
251 20070
611 19988
443 19589
990 19572
66 19173
164 19016
600 18818
918 18795
958 18448
118 18371
76 18241
728 18230
921 18186
757 17973
788 17909
126 17902
873 17676
889 17628
793 17537
758 17499
459 17437
67 17376
916 17325
748 17310
780 17269
950 16715
477 16704
828 16641
874 16587
885 16449
146 16438
274 16284
677 16178
975 16157
74 16142
108 15966
998 15873
539 15858
59 15822
556 15769
404 15675
559 15638
771 15494
577 15455
740 15412
431 15404
593 15313
575 15277
256 15238
350 15165
435 15152
864 15141
817 15016
952 14999
0 14975
973 14831
314 14780
974 14439
515 14415
409 14370
302 14358
284 14278
237 14268
680 14112
168 14045
852 13965
317 13925
423 13736
685 13666
526 13662
288 13598
336 13344
801 13301
303 13256
37 13161
228 13138
112 13099
213 12890
185 12856
924 12837
865 12703
547 12698
152 12559
522 12382
789 12378
813 12183
783 12172
876 12172
743 12138
799 12131
731 11891
579 11712
882 11700
444 11661
402 11535
871 11521
429 11506
442 11432
27 11378
635 11370
791 11321
552 11306
93 11163
894 10995
87 10992
245 10990
754 10758
412 10671
747 10441
411 10430
544 10413
607 10381
253 10310
872 10306
594 10266
310 10188
540 10110
784 10047
215 9963
910 9959
943 9807
499 9755
165 9736
777 9607
41 9519
268 9416
599 9262
207 9138
558 9091
867 9020
357 9013
942 8987
351 8813
309 8706
426 8701
22 8696
376 8603
538 8461
12 8271
750 8161
272 8032
707 8024
493 7932
536 7889
170 7885
120 7863
878 7829
796 7762
504 7613
798 7567
361 7560
808 7420
825 7384
346 7218
355 7213
25 7106
633 7062
964 7010
358 6986
712 6980
387 6911
846 6879
227 6728
295 6723
50 6706
481 6697
849 6595
241 6345
976 6336
826 6159
475 6131
710 6100
249 6074
795 6073
595 6014
368 6011
403 5928
145 5826
24 5764
903 5554
187 5549
315 5523
75 5410
39 5310
73 5272
343 5105
82 5031
524 5029
691 4962
658 4807
954 4744
406 4741
689 4669
372 4592
854 4575
977 4565
102 4560
55 4555
52 4465
790 4446
671 4352
687 4228
261 4215
768 4207
234 4134
289 4116
859 3908
920 3902
690 3837
484 3686
713 3684
727 3613
557 3603
938 3560
461 3551
111 3477
698 3399
609 3342
992 3328
33 3265
765 3167
563 3105
230 3073
264 2964
424 2893
797 2885
541 2709
581 2672
860 2618
737 2610
806 2581
449 2558
211 2503
834 2455
476 2368
17 2355
686 2344
933 2324
181 2203
643 2165
517 2157
925 2139
433 2133
729 2078
240 2069
659 2063
471 2042
561 2036
229 1990
678 1985
99 1952
605 1935
353 1887
405 1834
125 1832
814 1825
447 1667
169 1650
654 1644
981 1630
269 1620
3 1512
587 1498
572 1448
69 1382
270 1346
291 1346
630 1303
494 1287
397 1273
853 1241
427 1220
564 1192
840 1171
267 1079
14 1076
622 1050
420 1046
298 1013
898 982
774 957
199 956
356 948
396 946
603 912
64 864
312 860
514 859
513 851
818 841
313 827
115 811
858 811
542 805
887 776
474 752
203 747
857 743
306 691
830 690
413 685
570 667
200 650
473 641
851 606
311 589
953 588
341 570
838 561
673 556
848 532
722 527
968 520
939 515
751 503
629 482
880 476
967 468
468 413
551 400
296 398
634 384
2 379
177 372
394 372
778 349
892 348
661 341
759 317
480 310
217 307
509 307
546 307
922 307
1 302
36 284
760 273
446 269
183 264
820 262
701 245
623 239
688 239
574 236
919 233
923 231
810 222
766 209
809 204
223 199
715 199
9 197
4 177
491 174
367 172
206 167
631 140
316 133
516 129
674 124
370 123
841 123
714 122
140 117
301 117
299 104
266 101
844 101
188 88
391 85
993 85
947 83
763 74
855 73
639 70
90 68
694 66
767 65
709 62
329 60
114 58
178 57
618 57
966 56
275 53
502 52
252 51
957 51
533 48
606 46
35 45
638 45
642 43
300 42
573 40
670 40
231 37
863 37
322 36
911 36
624 35
736 34
369 33
927 33
155 32
598 31
861 31
180 30
482 30
553 30
988 30
128 29
464 29
286 28
160 27
972 27
585 26
723 24
571 22
463 20
980 20
122 19
619 19
21 16
615 16
438 15
304 14
94 13
962 13
696 11
785 10
730 9
775 9
191 8
28 8
78 8
305 7
410 7
602 7
637 7
648 7
941 7
364 6
58 6
209 5
224 5
225 5
525 5
210 4
320 4
786 4
16 3
174 3
457 3
72 3
960 3
110 2
216 2
287 2
434 2
439 2
527 2
532 2
695 2
745 2
8 2
815 2
845 2
130 1
138 1
201 1
23 1
247 1
307 1
339 1
388 1
392 1
399 1
512 1
567 1
582 1
626 1
636 1
697 1
753 1
756 1
773 1
800 1
883 1
886 1
913 1
929 1
983 1
989 1
999 1
madeupword0000 0
