269 84451
339 82882
36 82464
25 77039
115 76890
71 76881
41 76608
205 76552
119 73098
148 72746
479 72514
191 70226
202 69939
167 69702
35 68815
354 67980
381 67961
204 67218
117 67167
111 66424
209 65008
103 64799
16 64324
153 64108
17 63192
390 63177
169 63150
305 62635
126 62231
432 62160
118 60844
18 60558
0 60163
236 59954
144 59292
160 59223
158 58827
83 57923
225 57906
59 57720
65 57161
52 57046
188 56497
80 55590
337 55521
474 55520
321 54910
173 54879
79 54866
297 54790
151 54780
26 54614
222 54372
445 54327
249 54043
101 53798
451 53709
304 53227
89 53221
22 53013
315 52901
208 52722
399 52661
281 52599
56 52494
4 52456
8 51915
147 51782
266 51221
380 51022
323 50939
142 50936
439 50583
141 50552
272 50427
190 50298
244 50279
363 50091
64 50056
240 49917
427 49408
88 49121
128 49100
322 49008
213 48972
388 48814
82 48660
476 48575
396 48081
328 48068
210 48056
401 47943
99 47858
162 47759
343 47691
92 47643
192 47443
135 47276
110 46916
187 46868
226 46837
77 46581
180 46556
268 46544
72 46283
352 45889
448 45878
149 45815
63 45743
46 45499
496 45467
327 45059
62 44908
347 44832
397 44656
68 44626
376 44550
436 44437
482 44387
275 44360
280 44198
45 44139
157 43673
78 43576
291 43537
20 43198
140 42934
242 42427
31 42415
1 42176
175 42075
499 42008
433 42007
348 41983
23 41980
253 41936
116 41889
131 41851
457 41742
334 41714
459 41665
227 41631
37 41611
33 41555
442 41434
235 41424
407 41417
374 41176
44 41133
84 41119
384 41093
340 41063
130 41032
121 40999
434 40701
421 40700
314 40639
87 40499
412 40333
113 40258
414 40057
161 39876
24 39860
112 39738
201 39614
338 39508
341 39490
331 39433
270 39262
3 39091
489 39014
447 38967
219 38910
428 38901
214 38619
386 38555
181 38506
198 38442
27 38378
40 38368
217 38291
404 38140
410 37848
86 37828
278 37733
223 37372
127 37354
484 37262
392 37203
57 37033
369 36874
470 36827
400 36798
108 36780
252 36763
493 36620
419 36585
420 36570
465 36515
95 36356
155 36256
319 36045
317 35957
73 35952
260 35908
415 35871
318 35703
14 35540
282 35508
452 35387
183 35262
38 35216
32 35172
257 35148
250 35094
437 34957
203 34872
362 34864
454 34745
487 34687
97 34610
34 34601
330 34369
472 34263
76 34167
194 34042
387 34004
284 34003
364 33994
438 33961
136 33908
243 33896
425 33734
342 33703
81 33679
373 33571
229 33563
67 33475
60 33438
391 33253
152 33220
58 33210
50 33178
107 33160
114 33100
132 32988
353 32942
294 32927
277 32906
426 32902
453 32863
485 32837
93 32731
98 32658
379 32623
258 32599
104 32592
311 32591
464 32540
186 32309
54 32213
184 32160
74 32139
156 32107
125 32093
10 32045
273 32039
309 31960
446 31938
137 31834
435 31798
351 31686
477 31670
405 31661
466 31626
212 31610
172 31579
48 31452
195 31399
495 31395
358 31394
254 31300
383 31289
306 31140
265 31097
189 31082
109 30922
11 30619
9 30591
375 30570
262 30515
430 30494
431 30399
129 30210
293 30171
120 30097
143 30040
480 30027
170 29997
345 29867
174 29838
49 29822
122 29756
349 29732
232 29717
7 29717
372 29613
165 29571
324 29087
43 28827
316 28702
325 28596
246 28454
403 28369
462 28241
283 28121
440 28118
133 27985
96 27817
90 27789
91 27668
271 27631
481 27606
450 27582
310 27567
361 27490
467 27479
237 27459
295 27455
335 27396
406 27323
146 27241
303 27152
416 27121
276 27098
159 26874
274 26816
248 26627
368 26580
171 26391
308 26247
469 26078
298 26002
441 25973
176 25971
290 25945
365 25894
492 25880
370 25836
413 25814
66 25792
221 25773
394 25773
5 25757
473 25655
21 25354
197 25328
211 25134
371 25126
215 25095
51 24923
302 24899
15 24887
402 24878
456 24732
344 24665
287 24487
182 24465
443 24209
429 24100
29 24042
245 23956
463 23887
251 23798
346 23641
42 23560
408 23511
422 23407
247 23382
255 23326
424 23255
491 23215
231 23200
478 23086
39 23068
498 23004
238 22878
333 22844
163 22788
418 22764
199 22693
207 22549
123 22505
6 22504
53 22348
185 22290
475 22279
19 22266
367 22233
285 22148
296 22055
256 22042
102 21918
355 21747
134 21713
313 21710
377 21637
206 21525
154 21474
326 21222
261 21184
300 21150
449 21130
288 21056
69 20893
468 20856
350 20807
139 20693
471 20671
164 20657
230 20589
75 20554
179 20482
94 20478
30 20476
385 20345
299 20322
200 20311
228 20263
47 20250
301 20234
486 20175
359 20106
320 20096
193 20081
357 20073
286 20006
218 19949
378 19711
138 19668
145 19590
312 19463
417 19329
366 19293
490 18943
483 18740
61 18610
55 18509
28 18442
85 18337
166 18213
150 18028
100 17884
398 17879
444 17858
233 17624
395 17448
455 17420
259 17285
196 17191
497 16832
494 16572
409 16440
264 16384
279 16194
382 16189
389 16184
393 16147
289 16120
307 15667
12 15639
239 15403
105 15133
423 15108
461 14932
177 14920
216 14784
70 14686
332 14516
458 14398
356 14210
124 14110
2 14066
267 13863
13 13530
263 13401
329 13224
292 13205
488 13027
224 12821
178 12423
460 12382
234 11760
241 11506
220 11383
336 11245
411 9933
106 9568
168 8404
360 7972
