613 76839
836 59553
29 54549
198 52859
527 49729
40 47913
149 47650
736 47339
7 46079
619 45421
38 43232
942 43200
610 42995
216 42437
299 41777
864 41505
247 40952
119 40872
692 40315
889 40288
259 40200
120 39394
504 38918
413 38717
55 38649
645 38398
731 38199
932 38082
997 37859
416 36965
0 36683
621 36673
436 36462
548 36059
4 35872
746 35660
546 35558
502 35524
105 35457
818 35422
767 35294
688 35139
220 35031
532 34862
782 34850
840 34748
569 34584
706 34546
576 34442
159 34389
429 34309
458 34307
222 34292
175 34138
425 34034
740 34034
704 33801
139 33327
559 33256
564 33187
353 33162
820 32907
52 32718
131 32666
529 32544
949 32511
882 32387
168 32226
314 32194
460 31990
372 31970
146 31923
591 31765
14 31497
812 31496
96 31488
717 31381
823 31374
307 31360
205 31267
806 31004
261 30941
201 30817
237 30810
684 30785
856 30752
593 30459
44 30449
236 30412
308 30378
89 30312
960 30292
996 30250
240 30220
653 30210
741 30134
626 30112
718 30073
27 30061
20 30050
81 29951
555 29633
2 29556
367 29530
832 29488
600 29391
788 29364
264 29357
123 29253
320 29237
533 29223
439 29128
109 29127
213 29125
17 29055
758 29032
67 29029
170 29008
826 28961
887 28943
252 28941
492 28874
524 28820
16 28759
789 28730
723 28684
582 28670
922 28652
78 28587
884 28560
371 28490
150 28325
88 28313
643 28302
618 28301
860 28246
328 28142
632 28083
76 28072
693 28049
283 27853
620 27776
140 27724
157 27715
709 27672
550 27662
566 27567
51 27521
515 27508
679 27504
760 27453
173 27357
24 27323
294 27295
253 27279
273 27262
383 27257
257 27254
608 27245
938 27148
306 27142
641 27120
624 27118
671 26988
623 26984
182 26853
983 26823
720 26822
108 26754
61 26654
180 26650
490 26637
698 26591
45 26590
358 26584
602 26536
223 26467
186 26463
134 26334
473 26204
750 26101
467 26071
967 26049
246 26020
765 25947
646 25937
184 25927
224 25900
821 25845
241 25732
101 25705
271 25695
669 25689
94 25655
155 25648
36 25607
141 25543
288 25501
695 25471
986 25433
73 25417
995 25416
902 25382
481 25313
130 25287
374 25276
169 25245
352 25194
463 25187
128 25152
116 25134
560 25112
442 25089
151 25088
987 25063
526 25053
824 24969
317 24930
523 24919
480 24901
446 24852
56 24829
384 24807
200 24801
382 24780
25 24751
206 24710
962 24681
107 24666
893 24630
670 24611
21 24452
931 24448
122 24365
291 24313
951 24301
915 24269
97 24262
659 24252
896 24248
897 24134
910 24055
158 24042
972 23953
482 23930
622 23912
522 23882
71 23864
835 23841
346 23829
344 23817
199 23777
538 23751
544 23746
250 23740
268 23730
92 23719
287 23699
112 23665
830 23650
748 23637
334 23584
733 23505
196 23467
590 23447
627 23442
345 23428
11 23427
904 23426
6 23417
426 23413
475 23412
771 23396
337 23377
375 23351
512 23337
118 23302
177 23198
267 23153
455 23127
160 23107
665 23105
883 23090
625 23082
568 23016
229 22977
404 22925
174 22912
801 22897
323 22872
405 22851
239 22842
899 22816
162 22799
326 22799
210 22798
137 22765
900 22758
755 22690
369 22644
634 22641
655 22628
501 22622
525 22620
580 22599
163 22580
578 22545
46 22515
567 22454
540 22428
570 22390
793 22362
682 22292
432 22278
973 22270
193 22267
863 22252
397 22230
471 22196
530 22168
831 22162
866 22133
364 22112
945 22053
606 22036
729 22001
83 21974
839 21971
313 21925
124 21924
903 21895
37 21875
595 21869
62 21825
890 21786
803 21547
144 21541
934 21537
428 21528
290 21440
266 21407
355 21383
423 21383
534 21380
811 21354
853 21336
79 21298
302 21261
263 21189
877 21157
12 21155
539 21153
249 21133
318 21107
874 21079
574 21066
749 21064
279 20990
42 20989
603 20988
171 20959
672 20950
269 20941
649 20909
251 20864
304 20852
63 20823
605 20804
936 20794
121 20771
303 20767
556 20744
728 20738
379 20728
686 20706
901 20696
231 20650
968 20644
233 20614
735 20588
341 20574
148 20563
390 20515
640 20469
166 20432
588 20413
994 20380
411 20364
178 20330
392 20266
129 20246
117 20222
293 20171
152 20162
920 20131
235 20130
745 20120
557 20107
100 20093
365 20079
958 20073
362 20020
203 20019
360 19999
604 19915
944 19875
82 19870
759 19863
32 19860
577 19846
377 19810
549 19800
332 19780
959 19779
589 19759
476 19720
572 19693
221 19679
870 19674
23 19670
644 19650
278 19624
764 19619
333 19618
785 19576
133 19517
68 19498
48 19494
494 19442
751 19427
227 19411
762 19397
800 19357
438 19344
813 19305
280 19233
399 19195
663 19169
430 19144
400 19110
136 19050
387 18952
941 18896
28 18850
309 18845
217 18835
719 18795
281 18763
628 18753
677 18725
491 18679
86 18643
769 18636
212 18633
743 18628
965 18598
296 18585
60 18581
340 18549
880 18512
898 18512
479 18479
809 18468
424 18443
895 18443
561 18426
443 18396
955 18393
421 18385
260 18311
858 18263
615 18245
370 18242
786 18206
85 18187
255 18155
726 18151
872 18151
685 18135
410 18125
444 18115
408 18081
176 18070
914 18063
15 18054
597 18049
187 18031
683 18017
265 18015
744 18006
388 18005
656 17944
39 17924
189 17901
232 17897
923 17896
437 17871
642 17838
563 17778
875 17740
338 17738
80 17722
675 17710
311 17640
167 17633
433 17614
716 17542
797 17498
207 17468
976 17456
373 17400
946 17392
422 17321
802 17308
787 17307
393 17305
245 17263
727 17261
673 17255
913 17235
457 17232
956 17227
219 17211
503 17196
330 17191
31 17189
58 17181
147 17175
183 17165
95 17163
790 17133
418 17074
909 17043
507 17024
289 17023
761 17023
881 17018
784 16990
327 16945
363 16871
351 16869
516 16848
752 16842
385 16796
191 16794
861 16793
545 16787
378 16763
639 16721
8 16721
611 16716
407 16710
132 16702
114 16655
143 16646
65 16630
551 16622
396 16591
891 16549
331 16529
406 16496
573 16465
583 16457
554 16453
609 16419
469 16402
518 16375
637 16375
483 16366
825 16362
579 16347
336 16321
135 16312
102 16298
848 16232
348 16219
74 16214
30 16196
195 16193
734 16176
218 16157
841 16126
878 16122
356 16102
798 16084
678 16064
431 16062
477 16047
596 16040
478 16024
647 16017
10 15991
495 15987
768 15986
565 15938
598 15892
165 15878
115 15867
676 15732
325 15729
708 15709
772 15691
873 15682
161 15659
930 15656
700 15636
911 15628
681 15571
156 15564
537 15540
197 15529
908 15511
214 15494
617 15489
885 15479
243 15438
779 15426
739 15418
401 15414
581 15398
403 15306
660 15291
359 15288
127 15276
486 15259
398 15190
451 15148
935 15132
41 15118
445 15115
380 15113
208 15109
907 15101
828 14983
712 14972
905 14971
391 14951
970 14947
270 14934
47 14928
950 14928
508 14910
394 14906
470 14887
702 14874
450 14865
513 14862
350 14855
933 14844
724 14831
496 14802
652 14733
461 14721
993 14720
799 14696
543 14644
202 14642
894 14636
301 14634
99 14580
87 14575
738 14552
448 14548
940 14494
347 14466
616 14416
658 14318
93 14301
381 14299
981 14282
493 14278
427 14259
505 14256
879 14242
292 14234
991 14234
747 14233
440 14230
855 14223
26 14129
435 14113
69 14086
721 14045
142 13983
954 13952
730 13902
3 13894
713 13874
272 13835
886 13820
194 13819
389 13798
474 13787
256 13774
185 13752
662 13681
766 13672
90 13640
414 13616
138 13598
72 13589
773 13564
33 13559
601 13494
342 13469
454 13454
754 13441
511 13428
284 13426
542 13412
871 13366
725 13360
575 13357
892 13326
689 13307
804 13305
710 13302
912 13283
312 13263
164 13207
5 13201
520 13184
926 13178
66 13172
666 13161
113 13143
587 13136
417 13122
775 13105
211 13088
319 13060
154 13050
711 13025
275 12950
190 12939
509 12938
867 12921
321 12917
466 12915
815 12912
980 12887
244 12869
254 12830
49 12823
366 12798
536 12773
607 12762
822 12738
386 12724
489 12719
796 12716
810 12690
571 12655
9 12635
757 12605
612 12591
661 12590
690 12567
776 12561
50 12559
696 12558
262 12540
805 12539
998 12539
697 12518
657 12499
917 12497
258 12488
971 12467
650 12416
584 12402
415 12392
862 12357
376 12342
282 12337
412 12329
230 12328
468 12317
209 12313
145 12306
794 12291
498 12260
614 12228
441 12217
34 12167
274 12162
982 12152
487 12150
77 12149
849 12144
888 12140
276 12128
599 12079
521 12032
181 12010
699 12005
329 11981
456 11955
756 11939
305 11894
104 11812
999 11711
153 11694
409 11686
966 11661
54 11655
84 11603
780 11511
59 11508
777 11435
586 11361
43 11329
361 11308
943 11200
98 11138
807 11129
701 11116
226 11110
500 11078
111 11053
680 11051
687 11027
57 11008
499 11005
937 10993
906 10957
844 10953
592 10950
978 10946
91 10925
974 10923
547 10917
985 10915
295 10892
402 10890
192 10870
843 10826
419 10809
977 10754
464 10655
633 10642
298 10629
814 10617
179 10600
816 10589
562 10543
339 10499
732 10432
215 10407
781 10383
742 10382
865 10373
316 10367
315 10362
783 10290
847 10268
838 10267
707 10259
172 10248
594 10242
106 10231
770 10224
845 10163
335 10094
638 10093
343 10080
947 10038
585 9977
668 9959
859 9945
528 9931
285 9926
857 9923
447 9902
854 9896
929 9853
705 9844
919 9831
837 9827
277 9765
22 9752
988 9740
753 9722
774 9714
53 9703
103 9696
829 9603
651 9549
234 9547
70 9524
395 9420
558 9394
465 9358
228 9338
297 9334
842 9303
64 9280
795 9181
964 9114
310 9064
925 9047
992 9038
453 8953
737 8943
420 8904
916 8865
349 8842
927 8837
691 8737
459 8719
636 8651
517 8605
928 8353
472 8330
714 8310
497 8270
324 8239
918 8235
449 8170
506 8068
827 8064
188 8039
722 8022
125 8019
924 7999
953 7996
792 7990
452 7954
667 7914
921 7874
204 7834
833 7779
485 7766
852 7733
975 7696
488 7660
851 7659
778 7629
553 7627
225 7587
434 7583
531 7492
763 7457
110 7434
694 7405
629 7393
322 7392
519 7314
242 7296
13 7267
939 7249
238 7064
552 6970
541 6950
248 6930
484 6909
715 6901
834 6897
357 6856
462 6824
664 6820
948 6672
368 6615
674 6606
990 6603
635 6460
963 6359
808 6291
984 6281
868 6175
126 6100
791 6009
630 5932
961 5922
869 5897
286 5891
75 5888
957 5816
510 5812
514 5796
969 5388
19 5169
850 5109
535 5094
35 5091
989 5088
354 5001
1 4965
703 4882
817 4761
819 4652
876 4479
648 4398
631 4065
300 4053
18 3712
979 3698
846 3407
952 2591
654 1271
madeupword0000 0
madeupword0001 0
madeupword0002 0
madeupword0003 0
