497 2859536
63 717908
415 316909
663 213827
969 203167
755 170322
466 168107
752 157200
333 139539
734 138099
384 137758
81 136838
366 127906
772 126514
101 124443
822 120553
944 116974
104 116441
455 115394
246 109463
321 108458
124 107222
398 106561
29 106328
644 104602
655 104239
148 102750
741 100395
945 99531
991 99342
89 98581
521 98475
935 98445
761 98117
821 97717
645 97671
589 95229
948 94770
377 93041
787 91187
331 90832
915 90577
519 89424
362 89355
327 89254
258 88764
837 87398
167 86962
711 86671
576 85861
902 84473
819 83928
26 83235
908 83127
726 82268
340 80831
430 79947
428 78349
137 77977
393 77659
879 77290
641 77164
510 76958
907 76795
664 76672
555 76508
946 75916
70 75615
733 75013
764 74547
824 74193
205 74029
290 73899
518 73664
194 73290
202 72610
385 72366
143 72152
337 71406
523 71152
271 69992
485 69722
881 69237
156 68975
693 68391
85 68227
647 67669
445 67244
437 65900
193 65335
80 64695
204 64406
597 64351
781 63655
390 63460
884 62355
86 62085
705 60856
243 60133
835 59752
931 59435
531 58773
56 58591
212 58047
549 55617
721 55572
222 55504
417 54864
483 54828
702 54664
280 54621
583 54330
436 54288
330 54238
978 54047
175 53637
233 53188
914 53049
453 52738
627 52714
488 52246
592 52204
297 51689
459 51373
660 51319
683 50725
198 50171
458 49930
742 49863
44 49507
283 49504
250 49500
220 49335
684 49241
380 48947
319 48522
244 48401
930 47624
259 47623
545 47386
776 47143
836 47113
833 46980
219 46782
530 46769
139 46689
310 46381
196 46239
611 46170
515 45763
418 45199
812 45004
352 44827
326 44348
416 44333
470 44302
668 44153
501 43529
281 43329
119 43263
650 43194
146 43069
681 42963
692 42859
479 42718
870 42546
716 42544
665 41998
868 41858
103 41406
79 41080
179 40677
816 40596
961 40569
584 40117
107 40037
537 39768
116 39163
265 38988
113 38793
323 38657
208 38626
53 38097
173 38016
932 38014
164 37981
975 37936
11 37839
256 37807
593 37638
382 37108
780 37024
328 37004
620 36821
166 36586
534 36510
136 36125
260 35843
614 35838
487 35680
849 35556
728 35524
66 35152
675 35067
338 35021
152 34924
662 34895
803 34775
823 34291
912 33989
469 33887
126 33573
896 33506
757 33182
62 33159
105 32768
325 32693
503 32525
32 32481
324 32411
359 32337
154 32281
254 31761
943 31648
6 31447
98 31303
565 31244
477 31046
422 30615
431 30550
921 30441
940 30275
429 30014
432 29913
758 29870
958 29730
350 29152
817 29098
905 28912
57 28822
918 28733
934 28480
832 28284
46 28173
263 28167
506 28106
235 27826
347 27367
866 27291
586 27116
498 26904
852 26581
613 26098
38 25805
284 25445
303 25437
955 25420
579 25371
700 25268
799 25063
172 24961
877 24939
794 24773
850 24765
535 24716
808 24613
901 24551
409 24539
526 24440
599 24366
462 24348
15 24219
600 24070
162 24068
423 23797
676 23760
876 23738
404 23725
76 23652
118 23387
889 23313
45 23277
67 23052
952 22894
788 22729
690 22474
552 22334
317 21795
990 21672
50 21667
443 21487
389 21427
238 21402
950 21283
740 21215
161 21167
680 21016
743 20972
865 20860
789 20799
916 20784
493 20728
251 20623
435 20593
253 20560
801 20469
88 20290
74 20185
783 19734
168 19711
677 19698
828 19584
274 19474
873 19416
444 19098
522 18977
771 18816
885 18802
784 18245
748 18180
336 18035
973 17972
559 17916
302 17853
215 17823
795 17732
577 17722
874 17679
793 17672
747 17595
556 17452
685 17416
426 17148
864 17081
575 16956
108 16694
859 16613
227 16473
539 16408
361 16277
59 16205
974 16078
998 16023
790 15880
27 15810
750 15735
87 15704
499 15637
234 15493
924 15492
594 15369
894 15234
0 15188
314 15034
731 14926
777 14659
411 14567
237 14564
834 14452
112 14315
872 14294
791 14140
938 13997
185 13986
288 13939
607 13854
37 13702
207 13529
658 13465
213 13424
228 13260
854 13245
796 13240
547 13239
871 13237
671 13158
712 12898
813 12835
376 12741
402 12701
635 12061
249 11974
882 11929
93 11886
536 11854
387 11813
558 11679
41 11658
412 11657
544 11575
442 11500
120 11442
826 11375
295 11280
846 11185
538 11071
245 11000
754 10827
910 10774
540 10747
372 10720
595 10703
22 10604
12 10201
268 10129
964 10121
867 9853
165 9767
942 9328
357 9303
309 9290
351 9271
633 8980
461 8877
475 8745
517 8646
55 8640
25 8566
52 8407
355 8383
878 8366
707 8273
170 8208
272 8143
346 7952
504 7629
264 7581
798 7579
825 7459
343 7403
992 7387
241 7358
689 7274
358 7076
765 7051
976 7012
481 6856
524 6660
678 6638
298 6449
710 6329
737 6311
368 6144
145 6113
403 6069
977 6069
315 5988
187 5838
24 5836
261 5721
903 5629
75 5618
406 5565
806 5526
73 5426
563 5383
39 5312
860 5177
82 5160
353 5107
691 5079
954 4895
289 4867
727 4824
102 4814
797 4797
698 4633
920 4551
687 4464
661 4369
768 4287
609 4270
111 4225
713 4127
424 3999
551 3858
557 3838
484 3763
774 3589
476 3483
33 3368
230 3317
581 3307
939 3256
471 3223
229 3207
541 2988
449 2973
199 2931
643 2770
17 2754
561 2587
887 2587
181 2575
686 2568
211 2567
433 2415
729 2357
933 2347
925 2221
240 2190
654 2178
659 2145
405 2144
468 2091
169 2089
605 2055
673 2016
953 1989
572 1956
99 1952
898 1933
814 1866
125 1846
981 1736
447 1722
291 1720
269 1659
270 1658
514 1655
420 1649
630 1607
587 1592
838 1577
3 1526
564 1508
494 1479
9 1453
427 1426
69 1398
397 1286
513 1277
853 1247
840 1208
267 1206
622 1151
14 1149
356 1142
341 1063
4 1021
546 1016
751 987
603 977
396 967
858 932
203 909
313 909
818 903
312 873
64 869
760 852
200 833
542 815
115 813
474 777
857 771
968 761
306 730
570 706
830 695
473 694
413 693
851 649
140 625
967 616
311 589
188 574
509 548
574 536
848 532
880 532
446 528
722 528
923 493
629 489
266 470
715 446
296 413
394 408
177 398
634 387
841 383
2 381
767 367
178 361
892 358
766 355
1 351
778 351
391 348
759 319
480 315
922 309
217 308
329 301
36 295
206 272
820 269
183 265
809 262
701 255
709 245
623 241
688 239
919 238
670 234
810 234
491 212
223 206
231 184
367 181
370 164
631 141
516 137
301 135
316 133
674 130
993 129
947 128
714 125
299 106
844 103
972 91
94 88
252 85
618 83
763 80
533 76
855 74
639 71
90 70
694 67
966 67
502 60
114 58
160 53
275 53
957 51
606 50
155 45
35 45
638 45
863 45
571 44
642 44
300 43
482 43
322 42
911 41
573 40
736 39
927 38
624 35
369 33
553 32
464 31
598 31
861 31
180 30
305 30
988 30
128 29
286 29
962 28
122 27
648 27
585 26
723 24
785 22
463 20
980 20
615 19
619 19
21 17
438 15
941 15
304 14
58 14
602 14
78 14
209 13
775 13
696 11
110 10
730 9
960 9
191 8
28 8
320 7
410 7
637 7
364 6
786 6
883 6
210 5
224 5
225 5
525 5
130 4
339 4
457 4
527 4
532 4
16 3
174 3
434 3
72 3
216 2
287 2
439 2
512 2
695 2
745 2
756 2
8 2
815 2
845 2
983 2
138 1
201 1
23 1
247 1
307 1
388 1
392 1
399 1
567 1
582 1
626 1
636 1
697 1
753 1
773 1
800 1
886 1
913 1
929 1
989 1
999 1
madeupword0000 0
